feap --- titel ---
,, 1, 2, 2, 6

# ,,mat,ndm,ndf,nen, ...

nopr
titl,off

coor
1 0 0.000000e+00 0.000000e+00
2 0 2.500000e-01 0.000000e+00
3 0 0.000000e+00 2.500000e-01
4 0 2.500000e-01 2.500000e-01
5 0 5.000000e-01 0.000000e+00
6 0 0.000000e+00 5.000000e-01
7 0 5.535714e-01 3.192079e-01
8 0 3.035714e-01 5.692079e-01
9 0 7.500000e-01 0.000000e+00
10 0 0.000000e+00 7.500000e-01
11 0 8.035714e-01 3.192079e-01
12 0 3.035714e-01 8.192079e-01
13 0 6.071429e-01 6.384159e-01
14 0 1.000000e-00 0.000000e+00
15 0 0.000000e+00 1.000000e+00
16 0 5.535714e-01 8.861952e-01
17 0 2.500000e-01 1.066987e+00
18 0 9.166667e-01 6.111350e-01
19 0 1.113095e+00 2.919270e-01
20 0 8.035714e-01 8.861952e-01
21 0 5.000000e-01 1.133975e+00
22 0 1.250000e+00 0.000000e+00
23 0 0.000000e+00 1.250000e+00
24 0 2.500000e-01 1.316987e+00
25 0 1.226190e+00 5.838541e-01
26 0 7.500000e-01 1.133975e+00
27 0 1.363095e+00 2.919270e-01
28 0 1.113095e+00 8.589143e-01
29 0 6.041667e-01 1.344899e+00
30 0 1.500000e+00 0.000000e+00
31 0 0.000000e+00 1.500000e+00
32 0 1.000000e-00 1.133975e+00
33 0 3.541667e-01 1.527911e+00
34 0 8.541667e-01 1.344899e+00
35 0 1.486111e+00 5.805478e-01
36 0 1.363095e+00 8.589143e-01
37 0 1.623016e+00 2.886207e-01
38 0 1.250000e+00 1.133975e+00
39 0 7.083333e-01 1.555823e+00
40 0 1.750000e+00 0.000000e+00
41 0 0.000000e+00 1.750000e+00
42 0 1.125000e+00 1.350481e+00
43 0 2.500000e-01 1.750000e+00
44 0 1.623016e+00 8.556080e-01
45 0 1.746032e+00 5.772415e-01
46 0 9.791667e-01 1.561405e+00
47 0 6.041667e-01 1.777911e+00
48 0 1.500000e+00 1.133975e+00
49 0 1.873016e+00 2.886207e-01
50 0 1.375000e+00 1.350481e+00
51 0 8.541667e-01 1.777911e+00
52 0 2.000000e+00 0.000000e+00
53 0 0.000000e+00 2.000000e+00
54 0 1.250000e+00 1.566987e+00
55 0 2.500000e-01 2.000000e+00
56 0 1.873016e+00 8.556080e-01
57 0 5.000000e-01 2.000000e+00
58 0 1.998016e+00 5.944435e-01
59 0 1.750000e+00 1.133975e+00
60 0 1.125000e+00 1.783494e+00
61 0 1.625000e+00 1.350481e+00
62 0 7.500000e-01 2.000000e+00
63 0 2.125000e+00 3.058227e-01
64 0 1.500000e+00 1.566987e+00
65 0 1.000000e+00 2.000000e+00
66 0 2.250000e+00 0.000000e+00
67 0 1.375000e+00 1.783494e+00
68 0 2.125000e+00 8.728100e-01
69 0 2.000000e+00 1.133975e+00
70 0 1.875000e+00 1.350481e+00
71 0 2.250000e+00 6.116455e-01
72 0 1.750000e+00 1.566987e+00
73 0 1.250000e+00 2.000000e+00
74 0 2.375000e+00 3.058227e-01
75 0 1.625000e+00 1.783494e+00
76 0 2.500000e+00 0.000000e+00
77 0 1.500000e+00 2.000000e+00
78 0 2.125000e+00 1.350481e+00
79 0 2.250000e+00 1.133975e+00
80 0 2.375000e+00 8.728100e-01
81 0 2.000000e+00 1.566987e+00
82 0 2.500000e+00 6.042025e-01
83 0 1.875000e+00 1.783494e+00
84 0 2.625000e+00 2.983797e-01
85 0 1.750000e+00 2.000000e+00
86 0 2.375000e+00 1.350481e+00
87 0 2.250000e+00 1.566987e+00
88 0 2.500000e+00 1.133975e+00
89 0 2.750000e+00 0.000000e+00
90 0 2.625000e+00 8.653670e-01
91 0 2.125000e+00 1.783494e+00
92 0 2.750000e+00 5.967594e-01
93 0 2.000000e+00 2.000000e+00
94 0 2.875000e+00 2.983797e-01
95 0 2.500000e+00 1.566987e+00
96 0 2.625000e+00 1.350481e+00
97 0 2.375000e+00 1.783494e+00
98 0 2.750000e+00 1.133975e+00
99 0 3.000000e+00 0.000000e+00
100 0 2.875000e+00 8.653670e-01
101 0 2.250000e+00 2.000000e+00
102 0 3.000000e+00 5.955189e-01
103 0 3.125000e+00 2.971392e-01
104 0 2.750000e+00 1.566987e+00
105 0 2.625000e+00 1.783494e+00
106 0 2.875000e+00 1.350481e+00
107 0 2.500000e+00 2.000000e+00
108 0 3.000000e+00 1.133975e+00
109 0 3.125000e+00 8.641265e-01
110 0 3.250000e+00 0.000000e+00
111 0 3.250000e+00 5.942784e-01
112 0 2.875000e+00 1.783494e+00
113 0 3.000000e+00 1.566987e+00
114 0 3.375000e+00 2.971392e-01
115 0 2.750000e+00 2.000000e+00
116 0 3.125000e+00 1.350481e+00
117 0 3.250000e+00 1.133975e+00
118 0 3.375000e+00 8.641265e-01
119 0 3.500000e+00 0.000000e+00
120 0 3.500000e+00 5.866286e-01
121 0 3.125000e+00 1.783494e+00
122 0 3.000000e+00 2.000000e+00
123 0 3.250000e+00 1.566987e+00
124 0 3.375000e+00 1.350481e+00
125 0 3.625000e+00 2.894894e-01
126 0 3.500000e+00 1.133975e+00
127 0 3.625000e+00 8.564767e-01
128 0 3.750000e+00 0.000000e+00
129 0 3.750000e+00 5.789789e-01
130 0 3.250000e+00 2.000000e+00
131 0 3.375000e+00 1.783494e+00
132 0 3.500000e+00 1.566987e+00
133 0 3.625000e+00 1.350481e+00
134 0 3.875000e+00 2.894894e-01
135 0 3.750000e+00 1.133975e+00
136 0 3.875000e+00 8.564767e-01
137 0 4.000000e+00 0.000000e+00
138 0 3.500000e+00 2.000000e+00
139 0 3.625000e+00 1.783494e+00
140 0 4.000000e+00 5.953122e-01
141 0 3.750000e+00 1.566987e+00
142 0 3.875000e+00 1.350481e+00
143 0 4.125000e+00 3.058227e-01
144 0 4.000000e+00 1.133975e+00
145 0 4.125000e+00 8.728100e-01
146 0 4.250000e+00 0.000000e+00
147 0 3.750000e+00 2.000000e+00
148 0 3.875000e+00 1.783494e+00
149 0 4.250000e+00 6.116455e-01
150 0 4.000000e+00 1.566987e+00
151 0 4.125000e+00 1.350481e+00
152 0 4.375000e+00 3.058227e-01
153 0 4.250000e+00 1.133975e+00
154 0 4.375000e+00 8.728100e-01
155 0 4.000000e+00 2.000000e+00
156 0 4.125000e+00 1.783494e+00
157 0 4.500000e+00 0.000000e+00
158 0 4.250000e+00 1.566987e+00
159 0 4.500000e+00 5.952366e-01
160 0 4.375000e+00 1.350481e+00
161 0 4.625000e+00 2.894138e-01
162 0 4.500000e+00 1.133975e+00
163 0 4.250000e+00 2.000000e+00
164 0 4.625000e+00 8.564011e-01
165 0 4.375000e+00 1.783494e+00
166 0 4.750000e+00 0.000000e+00
167 0 4.500000e+00 1.566987e+00
168 0 4.750000e+00 5.788276e-01
169 0 4.625000e+00 1.350481e+00
170 0 4.750000e+00 1.133975e+00
171 0 4.875000e+00 2.894138e-01
172 0 4.500000e+00 2.000000e+00
173 0 4.875000e+00 8.564011e-01
174 0 4.625000e+00 1.783494e+00
175 0 5.000000e+00 0.000000e+00
176 0 4.750000e+00 1.566987e+00
177 0 5.000000e+00 5.860993e-01
178 0 4.875000e+00 1.350481e+00
179 0 5.000000e+00 1.133975e+00
180 0 5.125000e+00 2.966855e-01
181 0 4.750000e+00 2.000000e+00
182 0 4.875000e+00 1.783494e+00
183 0 5.125000e+00 8.636728e-01
184 0 5.000000e+00 1.566987e+00
185 0 5.250000e+00 0.000000e+00
186 0 5.250000e+00 5.933710e-01
187 0 5.125000e+00 1.350481e+00
188 0 5.250000e+00 1.133975e+00
189 0 5.375000e+00 2.966855e-01
190 0 5.000000e+00 2.000000e+00
191 0 5.125000e+00 1.783494e+00
192 0 5.375000e+00 8.636728e-01
193 0 5.250000e+00 1.566987e+00
194 0 5.500000e+00 0.000000e+00
195 0 5.500000e+00 5.923430e-01
196 0 5.375000e+00 1.350481e+00
197 0 5.500000e+00 1.133975e+00
198 0 5.250000e+00 2.000000e+00
199 0 5.625000e+00 2.956575e-01
200 0 5.375000e+00 1.783494e+00
201 0 5.625000e+00 8.626448e-01
202 0 5.500000e+00 1.566987e+00
203 0 5.750000e+00 0.000000e+00
204 0 5.750000e+00 5.913150e-01
205 0 5.625000e+00 1.350481e+00
206 0 5.500000e+00 2.000000e+00
207 0 5.750000e+00 1.133975e+00
208 0 5.875000e+00 2.956575e-01
209 0 5.625000e+00 1.783494e+00
210 0 5.875000e+00 8.626448e-01
211 0 5.750000e+00 1.566987e+00
212 0 6.000000e+00 0.000000e+00
213 0 5.875000e+00 1.350481e+00
214 0 6.000000e+00 5.851469e-01
215 0 5.750000e+00 2.000000e+00
216 0 6.000000e+00 1.133975e+00
217 0 6.125000e+00 2.894894e-01
218 0 5.875000e+00 1.783494e+00
219 0 6.125000e+00 8.564767e-01
220 0 6.000000e+00 1.566987e+00
221 0 6.250000e+00 0.000000e+00
222 0 6.125000e+00 1.350481e+00
223 0 6.250000e+00 5.789789e-01
224 0 6.000000e+00 2.000000e+00
225 0 6.250000e+00 1.133975e+00
226 0 6.125000e+00 1.783494e+00
227 0 6.375000e+00 2.894894e-01
228 0 6.375000e+00 8.564767e-01
229 0 6.250000e+00 1.566987e+00
230 0 6.500000e+00 0.000000e+00
231 0 6.375000e+00 1.350481e+00
232 0 6.500000e+00 5.953122e-01
233 0 6.250000e+00 2.000000e+00
234 0 6.500000e+00 1.133975e+00
235 0 6.375000e+00 1.783494e+00
236 0 6.625000e+00 3.058227e-01
237 0 6.625000e+00 8.728100e-01
238 0 6.500000e+00 1.566987e+00
239 0 6.750000e+00 0.000000e+00
240 0 6.625000e+00 1.350481e+00
241 0 6.750000e+00 6.116455e-01
242 0 6.500000e+00 2.000000e+00
243 0 6.750000e+00 1.133975e+00
244 0 6.625000e+00 1.783494e+00
245 0 6.875000e+00 3.058227e-01
246 0 6.750000e+00 1.566987e+00
247 0 6.875000e+00 8.728100e-01
248 0 7.000000e+00 0.000000e+00
249 0 6.875000e+00 1.350481e+00
250 0 7.000000e+00 5.930379e-01
251 0 6.750000e+00 2.000000e+00
252 0 7.000000e+00 1.133975e+00
253 0 6.875000e+00 1.783494e+00
254 0 7.125000e+00 2.872152e-01
255 0 7.000000e+00 1.566987e+00
256 0 7.125000e+00 8.542025e-01
257 0 7.250000e+00 0.000000e+00
258 0 7.125000e+00 1.350481e+00
259 0 7.250000e+00 5.744303e-01
260 0 7.000000e+00 2.000000e+00
261 0 7.250000e+00 1.133975e+00
262 0 7.125000e+00 1.783494e+00
263 0 7.375000e+00 2.872152e-01
264 0 7.250000e+00 1.566987e+00
265 0 7.375000e+00 8.542025e-01
266 0 7.375000e+00 1.350481e+00
267 0 7.500000e+00 0.000000e+00
268 0 7.250000e+00 2.000000e+00
269 0 7.500000e+00 5.707088e-01
270 0 7.500000e+00 1.133975e+00
271 0 7.375000e+00 1.783494e+00
272 0 7.625000e+00 2.834936e-01
273 0 7.500000e+00 1.566987e+00
274 0 7.625000e+00 8.504809e-01
275 0 7.625000e+00 1.350481e+00
276 0 7.750000e+00 0.000000e+00
277 0 7.500000e+00 2.000000e+00
278 0 7.750000e+00 5.669873e-01
279 0 7.625000e+00 1.783494e+00
280 0 7.750000e+00 1.133975e+00
281 0 7.875000e+00 2.834936e-01
282 0 7.750000e+00 1.566987e+00
283 0 7.875000e+00 8.504809e-01
284 0 7.875000e+00 1.350481e+00
285 0 8.000000e+00 0.000000e+00
286 0 7.750000e+00 2.000000e+00
287 0 8.000000e+00 5.000000e-01
288 0 7.875000e+00 1.783494e+00
289 0 8.000000e+00 1.133975e+00
290 0 8.125000e+00 2.165064e-01
291 0 8.000000e+00 1.566987e+00
292 0 8.125000e+00 7.834936e-01
293 0 8.125000e+00 1.350481e+00
294 0 8.000000e+00 2.000000e+00
295 0 8.250000e+00 0.000000e+00
296 0 8.250000e+00 4.330127e-01
297 0 8.125000e+00 1.783494e+00
298 0 8.256750e+00 1.078366e+00
299 0 8.375000e+00 2.165064e-01
300 0 8.250000e+00 1.566987e+00
301 0 8.381750e+00 7.278846e-01
302 0 8.381750e+00 1.294872e+00
303 0 8.250000e+00 2.000000e+00
304 0 8.500000e+00 0.000000e+00
305 0 8.500000e+00 4.330127e-01
306 0 8.375000e+00 1.783494e+00
307 0 8.513500e+00 1.022756e+00
308 0 8.625000e+00 2.165064e-01
309 0 8.500000e+00 1.566987e+00
310 0 8.631750e+00 7.278846e-01
311 0 8.631750e+00 1.294872e+00
312 0 8.500000e+00 2.000000e+00
313 0 8.750000e+00 0.000000e+00
314 0 8.750000e+00 4.330127e-01
315 0 8.625000e+00 1.783494e+00
316 0 8.797249e+00 1.012660e+00
317 0 8.875000e+00 2.165064e-01
318 0 8.750000e+00 1.566987e+00
319 0 8.915499e+00 7.177884e-01
320 0 8.750000e+00 2.000000e+00
321 0 9.000000e+00 0.000000e+00
322 0 8.915499e+00 1.284776e+00
323 0 9.000000e+00 4.330127e-01
324 0 8.875000e+00 1.783494e+00
325 0 9.125000e+00 2.165064e-01
326 0 9.000000e+00 1.566987e+00
327 0 9.080998e+00 1.002564e+00
328 0 9.165499e+00 7.177884e-01
329 0 9.000000e+00 2.000000e+00
330 0 9.250000e+00 0.000000e+00
331 0 9.165499e+00 1.284776e+00
332 0 9.250000e+00 4.330127e-01
333 0 9.125000e+00 1.783494e+00
334 0 9.290499e+00 1.068269e+00
335 0 9.323599e+00 9.082372e-01
336 0 9.375000e+00 2.165064e-01
337 0 9.250000e+00 1.566987e+00
338 0 9.408100e+00 6.234615e-01
339 0 9.250000e+00 2.000000e+00
340 0 9.375000e+00 1.350481e+00
341 0 9.500000e+00 0.000000e+00
342 0 9.375000e+00 1.783494e+00
343 0 9.500000e+00 1.133975e+00
344 0 9.533100e+00 9.739424e-01
345 0 9.566200e+00 8.139103e-01
346 0 9.625000e+00 4.665064e-01
347 0 9.500000e+00 2.000000e+00
348 0 9.625000e+00 1.533494e+00
349 0 9.750000e+00 0.000000e+00
350 0 9.750000e+00 2.500000e-01
351 0 9.783100e+00 6.569551e-01
352 0 9.750000e+00 1.066987e+00
353 0 9.783100e+00 9.069551e-01
354 0 9.750000e+00 1.316987e+00
355 0 9.750000e+00 1.750000e+00
356 0 9.750000e+00 2.000000e+00
357 0 1.000000e+01 0.000000e+00
358 0 1.000000e+01 2.500000e-01
359 0 1.000000e+01 5.000000e-01
360 0 1.000000e+01 7.500000e-01
361 0 1.000000e+01 1.000000e+00
362 0 1.000000e+01 1.250000e+00
363 0 1.000000e+01 1.500000e+00
364 0 1.000000e+01 1.750000e+00
365 0 1.000000e+01 2.000000e+00

elem
   1   1  224  206  211  215  209  218 
   2   1  285  304  296  295  299  290 
   3   1  211  206  193  209  200  202 
   4   1  224  211  229  218  220  226 
   5   1  229  211  216  220  213  222 
   6   1  296  304  314  299  308  305 
   7   1  193  206  190  200  198  191 
   8   1  314  304  321  308  313  317 
   9   1  216  211  197  213  205  207 
  10   1  216  197  204  207  201  210 
  11   1  197  211  193  205  202  196 
  12   1  204  197  186  201  192  195 
  13   1  204  186  194  195  189  199 
  14   1  186  197  179  192  188  183 
  15   1  179  197  193  188  196  187 
  16   1  186  179  168  183  173  177 
  17   1    1    5    6    2    4    3 
  18   1  193  190  176  191  182  184 
  19   1  176  190  172  182  181  174 
  20   1  193  176  179  184  178  187 
  21   1  168  179  162  173  170  164 
  22   1  162  179  176  170  178  169 
  23   1  162  176  158  169  167  160 
  24   1  162  158  144  160  151  153 
  25   1  162  144  149  153  145  154 
  26   1  144  158  141  151  150  142 
  27   1  149  144  129  145  136  140 
  28   1  158  176  172  167  174  165 
  29   1  129  144  126  136  135  127 
  30   1  186  168  175  177  171  180 
  31   1  141  158  155  150  156  148 
  32   1  126  144  141  135  142  133 
  33   1  126  141  123  133  132  124 
  34   1  123  141  138  132  139  131 
  35   1  158  172  155  165  163  156 
  36   1  141  155  138  148  147  139 
  37   1  137  157  149  146  152  143 
  38   1  365  347  363  356  355  364 
  39   1   93   77   72   85   75   83 
  40   1   72   77   54   75   67   64 
  41   1   54   77   65   67   73   60 
  42   1   54   65   39   60   51   46 
  43   1   39   65   57   51   62   47 
  44   1   54   39   32   46   34   42 
  45   1   39   57   31   47   43   33 
  46   1   32   39   21   34   29   26 
  47   1   21   39   31   29   33   24 
  48   1   32   21   13   26   16   20 
  49   1   13   15    6   12   10    8 
  50   1   32   13   25   20   18   28 
  51   1   25   13   14   18   11   19 
  52   1   32   25   48   28   36   38 
  53   1   32   48   54   38   50   42 
  54   1   48   25   45   36   35   44 
  55   1   54   48   72   50   61   64 
  56   1   93   72   87   83   81   91 
  57   1   87   72   69   81   70   78 
  58   1   69   72   48   70   61   59 
  59   1   87   69   88   78   79   86 
  60   1   87   88  104   86   96   95 
  61   1  104   88  108   96   98  106 
  62   1   69   48   45   59   44   56 
  63   1   88   69   71   79   68   80 
  64   1  108   88   92   98   90  100 
  65   1   92   88   71   90   80   82 
  66   1   92   71   76   82   74   84 
  67   1   71   69   45   68   56   58 
  68   1   71   45   52   58   49   63 
  69   1   45   25   30   35   27   37 
  70   1   93   87  107   91   97  101 
  71   1  107   87  104   97   95  105 
  72   1  107  104  122  105  112  115 
  73   1  122  104  123  112  113  121 
  74   1  123  104  108  113  106  116 
  75   1  123  108  126  116  117  124 
  76   1  126  108  111  117  109  118 
  77   1  111  108   92  109  100  102 
  78   1  111   92   99  102   94  103 
  79   1  122  123  138  121  131  130 
  80   1  126  111  129  118  120  127 
  81   1  129  111  119  120  114  125 
  82   1   52   76   71   66   74   63 
  83   1  229  216  234  222  225  231 
  84   1  229  234  246  231  240  238 
  85   1  246  234  252  240  243  249 
  86   1  246  252  264  249  258  255 
  87   1  234  216  223  225  219  228 
  88   1  223  216  204  219  210  214 
  89   1  252  234  241  243  237  247 
  90   1  241  234  223  237  228  232 
  91   1  246  264  260  255  262  253 
  92   1  260  264  277  262  271  268 
  93   1  277  264  282  271  273  279 
  94   1  246  260  242  253  251  244 
  95   1  246  242  229  244  235  238 
  96   1  282  264  270  273  266  275 
  97   1  270  264  252  266  258  261 
  98   1  270  252  259  261  256  265 
  99   1  259  252  241  256  247  250 
 100   1  259  241  248  250  245  254 
 101   1  229  242  224  235  233  226 
 102   1  223  204  212  214  208  217 
 103   1  270  259  278  265  269  274 
 104   1  278  259  267  269  263  272 
 105   1  270  278  289  274  283  280 
 106   1  270  289  282  280  284  275 
 107   1  282  289  300  284  293  291 
 108   1  282  300  294  291  297  288 
 109   1  294  300  312  297  306  303 
 110   1  312  300  318  306  309  315 
 111   1  318  300  307  309  302  311 
 112   1  318  307  327  311  316  322 
 113   1  327  307  314  316  310  319 
 114   1  289  278  296  283  287  292 
 115   1  307  300  289  302  293  298 
 116   1  307  289  296  298  292  301 
 117   1  282  294  277  288  286  279 
 118   1  357  359  341  358  350  349 
 119   1  241  223  230  232  227  236 
 120   1  212  230  223  221  227  217 
 121   1   53   31   57   41   43   55 
 122   1   14   30   25   22   27   19 
 123   1  168  162  149  164  154  159 
 124   1  168  149  157  159  152  161 
 125   1  321  341  332  330  336  325 
 126   1  332  341  359  336  350  346 
 127   1  321  332  314  325  323  317 
 128   1  314  332  327  323  328  319 
 129   1  175  194  186  185  189  180 
 130   1  329  312  318  320  315  324 
 131   1  329  318  337  324  326  333 
 132   1  329  337  347  333  342  339 
 133   1  337  318  327  326  322  331 
 134   1  337  327  343  331  334  340 
 135   1  337  343  363  340  354  348 
 136   1  343  327  345  334  335  344 
 137   1  347  337  363  342  348  355 
 138   1   99  119  111  110  114  103 
 139   1  361  363  343  362  354  352 
 140   1  248  267  259  257  263  254 
 141   1   15   13   21   12   16   17 
 142   1    5   14   13    9   11    7 
 143   1  285  296  278  290  287  281 
 144   1  157  175  168  166  171  161 
 145   1  296  314  307  305  310  301 
 146   1  359  361  345  360  353  351 
 147   1  345  361  343  353  352  344 
 148   1  345  327  332  335  328  338 
 149   1  345  332  359  338  346  351 
 150   1   76   99   92   89   94   84 
 151   1   31   15   21   23   17   24 
 152   1  230  248  241  239  245  236 
 153   1   30   52   45   40   49   37 
 154   1  194  212  204  203  208  199 
 155   1  149  129  137  140  134  143 
 156   1  119  137  129  128  134  125 
 157   1  267  285  278  276  281  272 
 158   1    6    5   13    4    7    8 


boun
1,0,1,1
3,0,1,1
6,0,1,1
10,0,1,1
15,0,1,1
23,0,1,1
31,0,1,1
41,0,1,1
53,0,1,1


#edis
#1,10,,0.5


mate,1
user,106
3
4
0
2.1e05,0.3,1,1,0.001



dis0
1,0,0.000000e+00,0.000000e+00
2,0,3.471271e-03,2.277709e-03
3,0,0.000000e+00,0.000000e+00
4,0,2.370791e-03,1.173371e-03
5,0,7.111858e-03,4.369197e-03
6,0,0.000000e+00,0.000000e+00
7,0,4.947135e-03,3.287815e-03
8,0,1.558351e-03,6.915062e-04
9,0,1.044664e-02,6.924238e-03
10,0,0.000000e+00,0.000000e+00
11,0,7.290624e-03,6.030634e-03
12,0,6.515869e-04,4.088334e-04
13,0,2.773102e-03,2.832262e-03
14,0,1.373170e-02,1.026802e-02
15,0,0.000000e+00,0.000000e+00
16,0,7.842683e-04,2.029729e-03
17,0,-1.920596e-04,1.604699e-04
18,0,4.658446e-03,6.625900e-03
19,0,1.052399e-02,1.064041e-02
20,0,1.169612e-03,4.706502e-03
21,0,-8.407175e-04,1.582079e-03
22,0,1.695211e-02,1.439072e-02
23,0,0.000000e+00,0.000000e+00
24,0,-9.106109e-04,3.130728e-04
25,0,6.699915e-03,1.167193e-02
26,0,-1.285126e-03,4.069092e-03
27,0,1.280035e-02,1.516875e-02
28,0,2.045773e-03,9.268776e-03
29,0,-2.631583e-03,2.773191e-03
30,0,2.010038e-02,1.931717e-02
31,0,0.000000e+00,0.000000e+00
32,0,-1.737072e-03,7.459873e-03
33,0,-2.313535e-03,1.172538e-03
34,0,-3.827035e-03,5.674065e-03
35,0,8.144039e-03,1.681375e-02
36,0,2.504128e-03,1.384746e-02
37,0,1.516781e-02,2.072825e-02
38,0,-2.181964e-03,1.167303e-02
39,0,-5.134710e-03,4.445598e-03
40,0,2.315971e-02,2.501905e-02
41,0,0.000000e+00,0.000000e+00
42,0,-5.166481e-03,9.765987e-03
43,0,-2.364810e-03,1.191268e-03
44,0,3.034321e-03,1.944474e-02
45,0,9.562529e-03,2.279257e-02
46,0,-7.271750e-03,8.011090e-03
47,0,-6.323130e-03,4.201158e-03
48,0,-2.612485e-03,1.668459e-02
49,0,1.731775e-02,2.684339e-02
50,0,-6.302257e-03,1.437112e-02
51,0,-8.962161e-03,7.102819e-03
52,0,2.613814e-02,3.147843e-02
53,0,0.000000e+00,0.000000e+00
54,0,-9.366930e-03,1.252404e-02
55,0,-3.478175e-03,2.289726e-03
56,0,3.472164e-03,2.560386e-02
57,0,-7.134014e-03,4.351049e-03
58,0,1.038863e-02,2.932482e-02
59,0,-3.024048e-03,2.247148e-02
60,0,-1.183079e-02,1.115536e-02
61,0,-7.399141e-03,1.976086e-02
62,0,-1.044782e-02,6.932454e-03
63,0,1.893801e-02,3.370393e-02
64,0,-1.116281e-02,1.750345e-02
65,0,-1.372219e-02,1.026550e-02
66,0,2.901659e-02,3.867015e-02
67,0,-1.433943e-02,1.570988e-02
68,0,3.433591e-03,3.255180e-02
69,0,-3.424715e-03,2.901031e-02
70,0,-8.460248e-03,2.591706e-02
71,0,1.107463e-02,3.660459e-02
72,0,-1.290413e-02,2.326123e-02
73,0,-1.694768e-02,1.439151e-02
74,0,2.090786e-02,4.129318e-02
75,0,-1.677679e-02,2.105676e-02
76,0,3.181356e-02,4.657187e-02
77,0,-2.009895e-02,1.931555e-02
78,0,-9.487742e-03,3.281509e-02
79,0,-3.810259e-03,3.628101e-02
80,0,3.794851e-03,4.017908e-02
81,0,-1.459116e-02,2.977393e-02
82,0,1.239296e-02,4.458689e-02
83,0,-1.914289e-02,2.716989e-02
84,0,2.306340e-02,4.960743e-02
85,0,-2.316087e-02,2.501844e-02
86,0,-1.048249e-02,4.043477e-02
87,0,-1.622639e-02,3.701968e-02
88,0,-4.185235e-03,4.426037e-02
89,0,3.450908e-02,5.516049e-02
90,0,4.387178e-03,4.850949e-02
91,0,-2.143763e-02,3.402994e-02
92,0,1.371519e-02,5.325521e-02
93,0,-2.613856e-02,3.147768e-02
94,0,2.492572e-02,5.856910e-02
95,0,-1.780907e-02,4.497486e-02
96,0,-1.144494e-02,4.875143e-02
97,0,-2.366077e-02,4.160912e-02
98,0,-4.545964e-03,5.292610e-02
99,0,3.712279e-02,6.441266e-02
100,0,4.744441e-03,5.750932e-02
101,0,-2.901879e-02,3.867000e-02
102,0,1.481338e-02,6.257534e-02
103,0,2.677191e-02,6.818966e-02
104,0,-1.934032e-02,5.361671e-02
105,0,-2.581226e-02,4.988870e-02
106,0,-1.237529e-02,5.774399e-02
107,0,-3.181389e-02,4.657194e-02
108,0,-4.896507e-03,6.225543e-02
109,0,5.136402e-03,6.716302e-02
110,0,3.963513e-02,7.430574e-02
111,0,1.588020e-02,7.253609e-02
112,0,-2.789203e-02,5.884114e-02
113,0,-2.081917e-02,6.292220e-02
114,0,2.850886e-02,7.843266e-02
115,0,-3.451099e-02,5.516054e-02
116,0,-1.327355e-02,6.738787e-02
117,0,-5.232730e-03,7.222545e-02
118,0,5.472073e-03,7.744440e-02
119,0,4.206574e-02,8.481656e-02
120,0,1.718353e-02,8.312528e-02
121,0,-2.990009e-02,6.844807e-02
122,0,-3.712295e-02,6.441279e-02
123,0,-2.224662e-02,7.286842e-02
124,0,-1.413973e-02,7.766189e-02
125,0,3.051504e-02,8.930670e-02
126,0,-5.558739e-03,8.281339e-02
127,0,6.122266e-03,8.833736e-02
128,0,4.439509e-02,9.592253e-02
129,0,1.848491e-02,9.430872e-02
130,0,-3.963694e-02,7.430579e-02
131,0,-3.183644e-02,7.868200e-02
132,0,-2.362169e-02,8.343251e-02
133,0,-1.497382e-02,8.854146e-02
134,0,3.214105e-02,1.007388e-01
135,0,-5.870290e-03,9.399622e-02
136,0,6.450812e-03,9.980859e-02
137,0,4.664232e-02,1.076006e-01
138,0,-4.206582e-02,8.481664e-02
139,0,-3.370108e-02,8.952466e-02
140,0,1.867359e-02,1.060259e-01
141,0,-2.494536e-02,9.459158e-02
142,0,-1.577585e-02,1.000055e-01
143,0,3.291692e-02,1.126921e-01
144,0,-6.171904e-03,1.057511e-01
145,0,5.995123e-03,1.118331e-01
146,0,4.878834e-02,1.198275e-01
147,0,-4.439674e-02,9.592248e-02
148,0,-3.549399e-02,1.009485e-01
149,0,1.875324e-02,1.182952e-01
150,0,-2.621664e-02,1.063227e-01
151,0,-1.654585e-02,1.120292e-01
152,0,3.437836e-02,1.252246e-01
153,0,-6.459208e-03,1.180554e-01
154,0,6.262896e-03,1.244029e-01
155,0,-4.664254e-02,1.076004e-01
156,0,-3.721519e-02,1.129354e-01
157,0,5.085290e-02,1.325807e-01
158,0,-2.743650e-02,1.186031e-01
159,0,2.038139e-02,1.311376e-01
160,0,-1.728372e-02,1.245916e-01
161,0,3.663249e-02,1.383136e-01
162,0,-6.736015e-03,1.308860e-01
163,0,-4.879039e-02,1.198275e-01
164,0,7.361170e-03,1.374960e-01
165,0,-3.886468e-02,1.254577e-01
166,0,5.281624e-02,1.458378e-01
167,0,-2.860399e-02,1.314098e-01
168,0,2.203839e-02,1.444825e-01
169,0,-1.798944e-02,1.376681e-01
170,0,-6.998513e-03,1.442198e-01
171,0,3.799827e-02,1.518509e-01
172,0,-5.085312e-02,1.325810e-01
173,0,7.637084e-03,1.510725e-01
174,0,-4.044245e-02,1.384971e-01
175,0,5.469746e-02,1.595754e-01
176,0,-2.972006e-02,1.447199e-01
177,0,2.243400e-02,1.582750e-01
178,0,-1.866315e-02,1.512374e-01
179,0,-7.251082e-03,1.580343e-01
180,0,3.889229e-02,1.658447e-01
181,0,-5.281791e-02,1.458379e-01
182,0,-4.194850e-02,1.520263e-01
183,0,7.499424e-03,1.651158e-01
184,0,-3.078373e-02,1.585106e-01
185,0,5.647743e-02,1.737705e-01
186,0,2.276464e-02,1.725262e-01
187,0,-1.930479e-02,1.652749e-01
188,0,-7.489194e-03,1.723065e-01
189,0,4.011553e-02,1.802982e-01
190,0,-5.469757e-02,1.595753e-01
191,0,-4.338283e-02,1.660269e-01
192,0,7.736601e-03,1.796077e-01
193,0,-3.179600e-02,1.727590e-01
194,0,5.817565e-02,1.884003e-01
195,0,2.351288e-02,1.872228e-01
196,0,-1.991435e-02,1.797595e-01
197,0,-7.717130e-03,1.870134e-01
198,0,-5.647928e-02,1.737704e-01
199,0,4.133531e-02,1.951801e-01
200,0,-4.474544e-02,1.804714e-01
201,0,8.021313e-03,1.945243e-01
202,0,-3.275589e-02,1.874421e-01
203,0,5.977270e-02,2.034421e-01
204,0,2.422672e-02,2.023311e-01
205,0,-2.049180e-02,1.946666e-01
206,0,-5.817587e-02,1.884003e-01
207,0,-7.930659e-03,2.021323e-01
208,0,4.243124e-02,2.104573e-01
209,0,-4.603634e-02,1.953416e-01
210,0,8.234951e-03,2.098400e-01
211,0,-3.366436e-02,2.025371e-01
212,0,6.128796e-02,2.188729e-01
213,0,-2.103717e-02,2.099751e-01
214,0,2.521985e-02,2.178337e-01
215,0,-5.977452e-02,2.034421e-01
216,0,-8.134047e-03,2.176402e-01
217,0,4.384741e-02,2.261257e-01
218,0,-4.725552e-02,2.106099e-01
219,0,8.815394e-03,2.255363e-01
220,0,-3.452044e-02,2.180212e-01
221,0,6.270197e-02,2.346700e-01
222,0,-2.155045e-02,2.256602e-01
223,0,2.619259e-02,2.337017e-01
224,0,-6.128804e-02,2.188730e-01
225,0,-8.322963e-03,2.335142e-01
226,0,-4.840299e-02,2.262581e-01
227,0,4.482309e-02,2.421345e-01
228,0,9.012579e-03,2.415842e-01
229,0,-3.532513e-02,2.338714e-01
230,0,6.403387e-02,2.508105e-01
231,0,-2.203167e-02,2.417009e-01
232,0,2.571183e-02,2.498917e-01
233,0,-6.270361e-02,2.346700e-01
234,0,-8.501951e-03,2.497314e-01
235,0,-4.947874e-02,2.422587e-01
236,0,4.467201e-02,2.584538e-01
237,0,8.148916e-03,2.579600e-01
238,0,-3.607742e-02,2.500649e-01
239,0,6.526454e-02,2.672708e-01
240,0,-2.248086e-02,2.580726e-01
241,0,2.515202e-02,2.664046e-01
242,0,-6.403406e-02,2.508102e-01
243,0,-8.666626e-03,2.662691e-01
244,0,-5.048276e-02,2.585934e-01
245,0,4.549803e-02,2.751054e-01
246,0,-3.677829e-02,2.665787e-01
247,0,8.300205e-03,2.746489e-01
248,0,6.641373e-02,2.840286e-01
249,0,-2.289792e-02,2.747540e-01
250,0,2.682552e-02,2.832432e-01
251,0,-6.526655e-02,2.672707e-01
252,0,-8.820818e-03,2.831044e-01
253,0,-5.141507e-02,2.752348e-01
254,0,4.751249e-02,2.920694e-01
255,0,-3.742677e-02,2.833900e-01
256,0,9.675848e-03,2.916292e-01
257,0,6.746171e-02,3.010617e-01
258,0,-2.328282e-02,2.917206e-01
259,0,2.850289e-02,3.003548e-01
260,0,-6.641394e-02,2.840288e-01
261,0,-8.960669e-03,3.002139e-01
262,0,-5.227567e-02,2.921644e-01
263,0,4.822987e-02,3.092680e-01
264,0,-3.802383e-02,3.004759e-01
265,0,9.822239e-03,3.088668e-01
266,0,-2.363572e-02,3.089513e-01
267,0,6.842737e-02,3.183459e-01
268,0,-6.746339e-02,3.010615e-01
269,0,2.916693e-02,3.177058e-01
270,0,-9.090716e-03,3.175756e-01
271,0,-5.306455e-02,3.093550e-01
272,0,4.913970e-02,3.267139e-01
273,0,-3.856850e-02,3.178135e-01
274,0,1.020954e-02,3.263465e-01
275,0,-2.395640e-02,3.264212e-01
276,0,6.929193e-02,3.358594e-01
277,0,-6.842773e-02,3.183459e-01
278,0,2.979926e-02,3.352849e-01
279,0,-5.378174e-02,3.267881e-01
280,0,-9.205046e-03,3.351657e-01
281,0,4.972942e-02,3.443698e-01
282,0,-3.906188e-02,3.353800e-01
283,0,1.033111e-02,3.440419e-01
284,0,-2.424520e-02,3.441094e-01
285,0,7.007395e-02,3.535771e-01
286,0,-6.929409e-02,3.358592e-01
287,0,3.481298e-02,3.531078e-01
288,0,-5.442721e-02,3.444364e-01
289,0,-9.308648e-03,3.529620e-01
290,0,5.500071e-02,3.622813e-01
291,0,-3.950283e-02,3.531524e-01
292,0,1.512500e-02,3.619469e-01
293,0,-2.450256e-02,3.619914e-01
294,0,-7.007529e-02,3.535783e-01
295,0,7.075761e-02,3.714802e-01
296,0,3.988859e-02,3.711079e-01
297,0,-5.500096e-02,3.622814e-01
298,0,-5.500251e-03,3.714220e-01
299,0,5.550171e-02,3.802956e-01
300,0,-3.989232e-02,3.711082e-01
301,0,1.919500e-02,3.805112e-01
302,0,-2.080127e-02,3.805169e-01
303,0,-7.075859e-02,3.714805e-01
304,0,7.135598e-02,3.895428e-01
305,0,4.022637e-02,3.892236e-01
306,0,-5.550285e-02,3.802956e-01
307,0,-1.614032e-03,3.900572e-01
308,0,5.593183e-02,3.984612e-01
309,0,-4.022873e-02,3.892235e-01
310,0,1.934211e-02,3.987212e-01
311,0,-2.096285e-02,3.987259e-01
312,0,-7.135691e-02,3.895429e-01
313,0,7.185601e-02,4.077428e-01
314,0,4.051441e-02,4.074756e-01
315,0,-5.593322e-02,3.984610e-01
316,0,-9.048750e-04,4.108181e-01
317,0,5.629077e-02,4.167498e-01
318,0,-4.051550e-02,4.074759e-01
319,0,2.020422e-02,4.195427e-01
320,0,-7.185727e-02,4.077427e-01
321,0,7.227144e-02,4.260573e-01
322,0,-2.038875e-02,4.195426e-01
323,0,4.074604e-02,4.258447e-01
324,0,-5.629207e-02,4.167498e-01
325,0,5.657748e-02,4.351442e-01
326,0,-4.074740e-02,4.258446e-01
327,0,-1.854379e-04,4.317234e-01
328,0,2.030306e-02,4.379931e-01
329,0,-7.227275e-02,4.260573e-01
330,0,7.258864e-02,4.444631e-01
331,0,-2.048870e-02,4.379929e-01
332,0,4.092767e-02,4.443013e-01
333,0,-5.657896e-02,4.351445e-01
334,0,-4.918962e-03,4.472297e-01
335,0,6.613088e-03,4.496846e-01
336,0,5.679395e-02,4.536165e-01
337,0,-4.092954e-02,4.443020e-01
338,0,2.720033e-02,4.559810e-01
339,0,-7.258980e-02,4.444631e-01
340,0,-2.530458e-02,4.535217e-01
341,0,7.282027e-02,4.629362e-01
342,0,-5.679520e-02,4.536163e-01
343,0,-9.677155e-03,4.627815e-01
344,0,1.881753e-03,4.652398e-01
345,0,1.345159e-02,4.677058e-01
346,0,3.866549e-02,4.721084e-01
347,0,-7.282148e-02,4.629358e-01
348,0,-3.866622e-02,4.721079e-01
349,0,7.295316e-02,4.814595e-01
350,0,5.452201e-02,4.814226e-01
351,0,2.485180e-02,4.838506e-01
352,0,-4.848125e-03,4.813797e-01
353,0,6.733046e-03,4.838445e-01
354,0,-2.295848e-02,4.813858e-01
355,0,-5.452323e-02,4.814225e-01
356,0,-7.295442e-02,4.814594e-01
357,0,7.300209e-02,5.000000e-01
358,0,5.455835e-02,5.000000e-01
359,0,3.627674e-02,5.000000e-01
360,0,1.810972e-02,5.000000e-01
361,0,-5.353933e-07,5.000000e-01
362,0,-1.811062e-02,5.000000e-01
363,0,-3.627879e-02,5.000000e-01
364,0,-5.455968e-02,5.000000e-01
365,0,-7.300331e-02,5.000000e-01
