feap --- titel ---
,, 1, 2, 2, 4

# ,,mat,ndm,ndf,nen, ...

nopr
titl,off

coor
1 0 1.000000e+01 0.000000e+00
2 0 9.500000e+00 0.000000e+00
3 0 1.000000e+01 5.000000e-01
4 0 9.375000e+00 4.665064e-01
5 0 9.000000e+00 0.000000e+00
6 0 1.000000e+01 1.000000e+00
7 0 9.250000e+00 9.330127e-01
8 0 8.750000e+00 4.330127e-01
9 0 8.500000e+00 0.000000e+00
10 0 1.000000e+01 1.500000e+00
11 0 9.406250e+00 1.482505e+00
12 0 8.500000e+00 8.660254e-01
13 0 8.250000e+00 4.330127e-01
14 0 8.875000e+00 1.497008e+00
15 0 1.000000e+01 2.000000e+00
16 0 8.000000e+00 0.000000e+00
17 0 9.500000e+00 2.000000e+00
18 0 8.000000e+00 8.660254e-01
19 0 8.541667e+00 1.643340e+00
20 0 9.000000e+00 2.000000e+00
21 0 8.250000e+00 1.433013e+00
22 0 7.750000e+00 4.330127e-01
23 0 8.500000e+00 2.000000e+00
24 0 7.500000e+00 0.000000e+00
25 0 7.500000e+00 2.886751e-01
26 0 7.582031e+00 7.595301e-01
27 0 7.750000e+00 1.433013e+00
28 0 7.250000e+00 4.330127e-01
29 0 8.000000e+00 2.000000e+00
30 0 7.333984e+00 1.281343e+00
31 0 7.000000e+00 0.000000e+00
32 0 7.003906e+00 9.328275e-01
33 0 7.500000e+00 2.000000e+00
34 0 6.750000e+00 5.669873e-01
35 0 6.500000e+00 0.000000e+00
36 0 7.000000e+00 2.000000e+00
37 0 6.687500e+00 1.425240e+00
38 0 6.500000e+00 1.133975e+00
39 0 6.250000e+00 5.669873e-01
40 0 6.000000e+00 0.000000e+00
41 0 6.500000e+00 2.000000e+00
42 0 6.234375e+00 1.531551e+00
43 0 6.000000e+00 1.133975e+00
44 0 5.750000e+00 5.669873e-01
45 0 6.000000e+00 2.000000e+00
46 0 5.500000e+00 0.000000e+00
47 0 5.750000e+00 1.566987e+00
48 0 5.500000e+00 1.133975e+00
49 0 5.250000e+00 5.669873e-01
50 0 5.500000e+00 2.000000e+00
51 0 5.000000e+00 0.000000e+00
52 0 5.250000e+00 1.566987e+00
53 0 5.000000e+00 1.133975e+00
54 0 4.750000e+00 5.669873e-01
55 0 5.000000e+00 2.000000e+00
56 0 4.750000e+00 1.566987e+00
57 0 4.500000e+00 0.000000e+00
58 0 4.500000e+00 1.133975e+00
59 0 4.250000e+00 5.669873e-01
60 0 4.500000e+00 2.000000e+00
61 0 4.250000e+00 1.566987e+00
62 0 4.000000e+00 0.000000e+00
63 0 4.000000e+00 1.133975e+00
64 0 3.750000e+00 5.669873e-01
65 0 4.000000e+00 2.000000e+00
66 0 3.750000e+00 1.566987e+00
67 0 3.500000e+00 0.000000e+00
68 0 3.500000e+00 1.133975e+00
69 0 3.250000e+00 5.669873e-01
70 0 3.500000e+00 2.000000e+00
71 0 3.250000e+00 1.566987e+00
72 0 3.000000e+00 0.000000e+00
73 0 3.000000e+00 1.133975e+00
74 0 2.750000e+00 5.669873e-01
75 0 3.000000e+00 2.000000e+00
76 0 2.750000e+00 1.566987e+00
77 0 2.500000e+00 0.000000e+00
78 0 2.500000e+00 1.133975e+00
79 0 2.500000e+00 2.000000e+00
80 0 2.250000e+00 5.669873e-01
81 0 2.241699e+00 1.564763e+00
82 0 2.000000e+00 0.000000e+00
83 0 2.000000e+00 1.133975e+00
84 0 1.818179e+00 5.154455e-01
85 0 2.000000e+00 2.000000e+00
86 0 1.716797e+00 1.558091e+00
87 0 1.522714e+00 3.608200e-01
88 0 1.500000e+00 0.000000e+00
89 0 1.500000e+00 1.133975e+00
90 0 1.500000e+00 2.000000e+00
91 0 1.250000e+00 5.669873e-01
92 0 1.000000e-00 0.000000e+00
93 0 1.125000e+00 1.533494e+00
94 0 1.000000e+00 2.000000e+00
95 0 8.125000e-01 1.050240e+00
96 0 6.250000e-01 5.334936e-01
97 0 5.000000e-01 0.000000e+00
98 0 6.249940e-01 1.554587e+00
99 0 5.000000e-01 2.000000e+00
100 0 3.749759e-01 1.684853e+00
101 0 0.000000e+00 0.000000e+00
102 0 0.000000e+00 5.000000e-01
103 0 0.000000e+00 1.000000e+00
104 0 0.000000e+00 1.500000e+00
105 0 0.000000e+00 2.000000e+00

elem
   1   1   96  102  101   97 
   2   1   96   97   92   91 
   3   1   96   91   89   95 
   4   1   96   95  103  102 
   5   1   13    9    5    8 
   6   1   13    8   12   18 
   7   1   13   18   26   22 
   8   1   13   22   16    9 
   9   1   27   18   12   21 
  10   1   27   21   29   33 
  11   1   27   33   36   30 
  12   1   27   30   26   18 
  13   1   52   47   45   50 
  14   1   52   50   55   56 
  15   1   52   56   58   53 
  16   1   52   53   48   47 
  17   1   42   47   48   43 
  18   1   42   43   38   37 
  19   1   42   37   36   41 
  20   1   42   41   45   47 
  21   1   39   43   48   44 
  22   1   39   44   40   35 
  23   1   39   35   31   34 
  24   1   39   34   38   43 
  25   1   32   30   36   37 
  26   1   32   37   38   34 
  27   1   32   34   31   28 
  28   1   32   28   26   30 
  29   1    4    7   12    8 
  30   1    4    8    5    2 
  31   1    4    2    1    3 
  32   1    4    3    6    7 
  33   1   49   53   58   54 
  34   1   49   54   51   46 
  35   1   49   46   40   44 
  36   1   49   44   48   53 
  37   1   61   56   55   60 
  38   1   61   60   65   66 
  39   1   61   66   68   63 
  40   1   61   63   58   56 
  41   1   59   63   68   64 
  42   1   59   64   62   57 
  43   1   59   57   51   54 
  44   1   59   54   58   63 
  45   1   71   66   65   70 
  46   1   71   70   75   76 
  47   1   71   76   78   73 
  48   1   71   73   68   66 
  49   1   69   73   78   74 
  50   1   69   74   72   67 
  51   1   69   67   62   64 
  52   1   69   64   68   73 
  53   1   81   76   75   79 
  54   1   81   79   85   86 
  55   1   81   86   89   83 
  56   1   81   83   78   76 
  57   1   93   86   85   90 
  58   1   93   90   94   98 
  59   1   93   98  103   95 
  60   1   93   95   89   86 
  61   1   80   83   89   84 
  62   1   80   84   82   77 
  63   1   80   77   72   74 
  64   1   80   74   78   83 
  65   1   11   10   15   17 
  66   1   11   17   20   14 
  67   1   11   14   12    7 
  68   1   11    7    6   10 
  69   1  105  104  100   99 
  70   1  103   98  100  104 
  71   1   94   99  100   98 
  72   1   92   88   87   91 
  73   1   82   84   87   88 
  74   1   89   91   87   84 
  75   1   20   23   19   14 
  76   1   29   21   19   23 
  77   1   12   14   19   21 
  78   1   16   22   25   24 
  79   1   26   28   25   22 
  80   1   31   24   25   28 


boun
101,0,1,1
102,0,1,1
103,0,1,1
104,0,1,1
105,0,1,1

#edis
#1,10,,0.5


mate,1
user,104
4
1
0
2.1e05,0.3,1,1,0.0001


dis0
1,0,7.345191e-02,5.000000e-01
2,0,7.326865e-02,4.627192e-01
3,0,3.657412e-02,5.000000e-01
4,0,3.888485e-02,4.532773e-01
5,0,7.271464e-02,4.256199e-01
6,0,1.627383e-04,5.000000e-01
7,0,4.995027e-03,4.439197e-01
8,0,4.084310e-02,4.069362e-01
9,0,7.177433e-02,3.889283e-01
10,0,-3.624795e-02,5.000000e-01
11,0,-3.483536e-02,4.556015e-01
12,0,9.711810e-03,3.884038e-01
13,0,4.017862e-02,3.704169e-01
14,0,-3.551077e-02,4.161970e-01
15,0,-7.312449e-02,5.000000e-01
16,0,7.046210e-02,3.528503e-01
17,0,-7.292091e-02,4.627279e-01
18,0,9.473801e-03,3.521647e-01
19,0,-4.575038e-02,3.917606e-01
20,0,-7.236613e-02,4.256894e-01
21,0,-3.041660e-02,3.703488e-01
22,0,3.926285e-02,3.345066e-01
23,0,-7.146506e-02,3.889761e-01
24,0,6.880117e-02,3.173879e-01
25,0,4.870387e-02,3.169818e-01
26,0,1.660086e-02,3.223875e-01
27,0,-2.970743e-02,3.343725e-01
28,0,3.829411e-02,2.993550e-01
29,0,-7.012374e-02,3.528856e-01
30,0,-1.886235e-02,3.050167e-01
31,0,6.652944e-02,2.827069e-01
32,0,4.616284e-03,2.821814e-01
33,0,-6.841596e-02,3.174029e-01
34,0,2.823000e-02,2.652664e-01
35,0,6.408696e-02,2.496660e-01
36,0,-6.630257e-02,2.826823e-01
37,0,-2.725065e-02,2.611354e-01
38,0,-8.326450e-03,2.487231e-01
39,0,2.709642e-02,2.326232e-01
40,0,6.132804e-02,2.177718e-01
41,0,-6.387317e-02,2.497089e-01
42,0,-3.290425e-02,2.317017e-01
43,0,-7.975426e-03,2.165714e-01
44,0,2.578456e-02,2.012706e-01
45,0,-6.109451e-02,2.177583e-01
46,0,5.818422e-02,1.873038e-01
47,0,-3.347114e-02,2.014295e-01
48,0,-7.563909e-03,1.859435e-01
49,0,2.432242e-02,1.714759e-01
50,0,-5.792354e-02,1.873005e-01
51,0,5.465670e-02,1.584953e-01
52,0,-3.158155e-02,1.716775e-01
53,0,-7.092886e-03,1.569792e-01
54,0,2.270733e-02,1.434423e-01
55,0,-5.439842e-02,1.585063e-01
56,0,-2.947714e-02,1.436742e-01
57,0,5.075178e-02,1.315436e-01
58,0,-6.570590e-03,1.298757e-01
59,0,2.093536e-02,1.173611e-01
60,0,-5.050370e-02,1.315611e-01
61,0,-2.716164e-02,1.176177e-01
62,0,4.647147e-02,1.066383e-01
63,0,-5.997146e-03,1.048142e-01
64,0,1.900435e-02,9.341905e-02
65,0,-4.623905e-02,1.066556e-01
66,0,-2.463541e-02,9.369360e-02
67,0,4.181376e-02,8.397297e-02
68,0,-5.373152e-03,8.197982e-02
69,0,1.691141e-02,7.180804e-02
70,0,-4.160672e-02,8.397032e-02
71,0,-2.190011e-02,7.207941e-02
72,0,3.678422e-02,6.375237e-02
73,0,-4.703484e-03,6.155594e-02
74,0,1.463794e-02,5.273353e-02
75,0,-3.660806e-02,6.366740e-02
76,0,-1.896290e-02,5.294613e-02
77,0,3.136612e-02,4.626933e-02
78,0,-4.000241e-03,4.370708e-02
79,0,-3.122497e-02,4.590877e-02
80,0,1.213754e-02,3.633792e-02
81,0,-1.573527e-02,3.618478e-02
82,0,2.568335e-02,3.158561e-02
83,0,-3.260411e-03,2.863417e-02
84,0,1.090786e-02,2.475499e-02
85,0,-2.545818e-02,3.080280e-02
86,0,-1.210961e-02,2.189692e-02
87,0,1.249740e-02,1.863003e-02
88,0,1.958498e-02,1.963846e-02
89,0,-2.671467e-03,1.627727e-02
90,0,-1.929134e-02,1.913064e-02
91,0,7.119210e-03,1.271126e-02
92,0,1.352524e-02,1.112796e-02
93,0,-7.385175e-03,1.027833e-02
94,0,-1.303585e-02,1.087087e-02
95,0,-8.275913e-04,5.305962e-03
96,0,3.378992e-03,3.770633e-03
97,0,7.119076e-03,4.911546e-03
98,0,-3.597633e-03,4.288631e-03
99,0,-6.714190e-03,5.160975e-03
100,0,-2.891162e-03,2.596892e-03
101,0,0.000000e+00,0.000000e+00
102,0,0.000000e+00,0.000000e+00
103,0,0.000000e+00,0.000000e+00
104,0,0.000000e+00,0.000000e+00
105,0,0.000000e+00,0.000000e+00
