geom
0
0
1
2
2
6

node
0.000000e+00 1.000000e+01
5.000000e-01 1.000000e+01
5.000000e-03 9.500000e+00
5.047500e-01 9.500000e+00
1.000000e+00 1.000000e+01
1.000000e-02 9.000000e+00
1.004500e+00 9.500000e+00
5.095000e-01 9.000000e+00
1.009000e+00 9.000000e+00
1.500000e+00 1.000000e+01
1.500000e-02 8.500000e+00
1.504250e+00 9.500000e+00
5.142500e-01 8.500000e+00
1.508500e+00 9.000000e+00
1.013500e+00 8.500000e+00
2.000000e+00 1.000000e+01
2.000000e-02 8.000000e+00
2.004000e+00 9.500000e+00
5.190000e-01 8.000000e+00
1.512750e+00 8.500000e+00
2.008000e+00 9.000000e+00
1.018000e+00 8.000000e+00
2.500000e+00 1.000000e+01
2.500000e-02 7.500000e+00
2.012000e+00 8.500000e+00
1.517000e+00 8.000000e+00
2.503750e+00 9.500000e+00
5.237500e-01 7.500000e+00
2.507500e+00 9.000000e+00
1.022500e+00 7.500000e+00
2.016000e+00 8.000000e+00
2.511250e+00 8.500000e+00
1.521250e+00 7.500000e+00
3.000000e+00 1.000000e+01
3.000000e-02 7.000000e+00
3.003500e+00 9.500000e+00
5.285000e-01 7.000000e+00
3.007000e+00 9.000000e+00
1.027000e+00 7.000000e+00
2.515000e+00 8.000000e+00
2.020000e+00 7.500000e+00
3.010500e+00 8.500000e+00
1.525500e+00 7.000000e+00
3.500000e+00 1.000000e+01
3.500000e-02 6.500000e+00
3.503250e+00 9.500000e+00
5.332500e-01 6.500000e+00
2.518750e+00 7.500000e+00
3.014000e+00 8.000000e+00
2.024000e+00 7.000000e+00
3.506500e+00 9.000000e+00
1.031500e+00 6.500000e+00
3.509750e+00 8.500000e+00
1.529750e+00 6.500000e+00
3.017500e+00 7.500000e+00
2.522500e+00 7.000000e+00
4.000000e+00 1.000000e+01
4.000000e-02 6.000000e+00
4.003000e+00 9.500000e+00
5.380000e-01 6.000000e+00
3.513000e+00 8.000000e+00
2.028000e+00 6.500000e+00
4.006000e+00 9.000000e+00
1.036000e+00 6.000000e+00
3.021000e+00 7.000000e+00
4.009000e+00 8.500000e+00
1.534000e+00 6.000000e+00
3.516250e+00 7.500000e+00
2.526250e+00 6.500000e+00
4.012000e+00 8.000000e+00
2.032000e+00 6.000000e+00
4.500000e+00 1.000000e+01
4.500000e-02 5.500000e+00
4.502750e+00 9.500000e+00
5.427500e-01 5.500000e+00
4.505500e+00 9.000000e+00
1.040500e+00 5.500000e+00
3.519500e+00 7.000000e+00
3.024500e+00 6.500000e+00
4.015000e+00 7.500000e+00
2.530000e+00 6.000000e+00
4.508250e+00 8.500000e+00
1.538250e+00 5.500000e+00
4.511000e+00 8.000000e+00
2.036000e+00 5.500000e+00
3.522750e+00 6.500000e+00
5.000000e+00 1.000000e+01
5.000000e-02 5.000000e+00
4.018000e+00 7.000000e+00
3.028000e+00 6.000000e+00
5.002500e+00 9.500000e+00
5.475000e-01 5.000000e+00
5.005000e+00 9.000000e+00
1.045000e+00 5.000000e+00
4.513750e+00 7.500000e+00
2.533750e+00 5.500000e+00
5.007500e+00 8.500000e+00
1.542500e+00 5.000000e+00
4.021000e+00 6.500000e+00
3.526000e+00 6.000000e+00
5.010000e+00 8.000000e+00
2.040000e+00 5.000000e+00
4.516500e+00 7.000000e+00
3.031500e+00 5.500000e+00
5.500000e+00 1.000000e+01
5.500000e-02 4.500000e+00
5.502250e+00 9.500000e+00
5.522500e-01 4.500000e+00
5.504500e+00 9.000000e+00
1.049500e+00 4.500000e+00
5.012500e+00 7.500000e+00
2.537500e+00 5.000000e+00
4.024000e+00 6.000000e+00
5.506750e+00 8.500000e+00
1.546750e+00 4.500000e+00
4.519250e+00 6.500000e+00
3.529250e+00 5.500000e+00
5.015000e+00 7.000000e+00
3.035000e+00 5.000000e+00
5.509000e+00 8.000000e+00
2.044000e+00 4.500000e+00
6.000000e+00 1.000000e+01
6.000000e-02 4.000000e+00
6.002000e+00 9.500000e+00
5.570000e-01 4.000000e+00
4.522000e+00 6.000000e+00
4.027000e+00 5.500000e+00
5.511250e+00 7.500000e+00
2.541250e+00 4.500000e+00
6.004000e+00 9.000000e+00
1.054000e+00 4.000000e+00
5.017500e+00 6.500000e+00
3.532500e+00 5.000000e+00
6.006000e+00 8.500000e+00
1.551000e+00 4.000000e+00
5.513500e+00 7.000000e+00
3.038500e+00 4.500000e+00
6.008000e+00 8.000000e+00
2.048000e+00 4.000000e+00
4.524750e+00 5.500000e+00
5.020000e+00 6.000000e+00
4.030000e+00 5.000000e+00
6.500000e+00 1.000000e+01
6.500000e-02 3.500000e+00
6.010000e+00 7.500000e+00
2.545000e+00 4.000000e+00
6.501750e+00 9.500000e+00
5.617500e-01 3.500000e+00
5.515750e+00 6.500000e+00
3.535750e+00 4.500000e+00
6.503500e+00 9.000000e+00
1.058500e+00 3.500000e+00
6.505250e+00 8.500000e+00
1.555250e+00 3.500000e+00
6.012000e+00 7.000000e+00
3.042000e+00 4.000000e+00
5.022500e+00 5.500000e+00
4.527500e+00 5.000000e+00
6.507000e+00 8.000000e+00
5.518000e+00 6.000000e+00
2.052000e+00 3.500000e+00
4.033000e+00 4.500000e+00
6.014000e+00 6.500000e+00
3.539000e+00 4.000000e+00
6.508750e+00 7.500000e+00
2.548750e+00 3.500000e+00
7.000000e+00 1.000000e+01
7.000000e-02 3.000000e+00
7.001500e+00 9.500000e+00
5.665000e-01 3.000000e+00
7.003000e+00 9.000000e+00
1.063000e+00 3.000000e+00
5.025000e+00 5.000000e+00
5.520250e+00 5.500000e+00
4.530250e+00 4.500000e+00
7.004500e+00 8.500000e+00
6.510500e+00 7.000000e+00
1.559500e+00 3.000000e+00
3.045500e+00 3.500000e+00
6.016000e+00 6.000000e+00
4.036000e+00 4.000000e+00
7.006000e+00 8.000000e+00
2.056000e+00 3.000000e+00
6.512250e+00 6.500000e+00
3.542250e+00 3.500000e+00
7.007500e+00 7.500000e+00
5.522500e+00 5.000000e+00
2.552500e+00 3.000000e+00
5.027500e+00 4.500000e+00
7.500000e+00 1.000000e+01
7.500000e-02 2.500000e+00
6.018000e+00 5.500000e+00
7.501250e+00 9.500000e+00
4.533000e+00 4.000000e+00
5.712500e-01 2.500000e+00
7.502500e+00 9.000000e+00
1.067500e+00 2.500000e+00
7.009000e+00 7.000000e+00
3.049000e+00 3.000000e+00
6.514000e+00 6.000000e+00
7.503750e+00 8.500000e+00
4.039000e+00 3.500000e+00
1.563750e+00 2.500000e+00
7.505000e+00 8.000000e+00
2.060000e+00 2.500000e+00
5.524750e+00 4.500000e+00
6.020000e+00 5.000000e+00
5.030000e+00 4.000000e+00
7.010500e+00 6.500000e+00
3.545500e+00 3.000000e+00
7.506250e+00 7.500000e+00
6.515750e+00 5.500000e+00
2.556250e+00 2.500000e+00
4.535750e+00 3.500000e+00
8.000000e+00 1.000000e+01
8.000000e-02 2.000000e+00
8.001000e+00 9.500000e+00
5.760000e-01 2.000000e+00
8.002000e+00 9.000000e+00
1.072000e+00 2.000000e+00
7.012000e+00 6.000000e+00
4.042000e+00 3.000000e+00
7.507500e+00 7.000000e+00
3.052500e+00 2.500000e+00
8.003000e+00 8.500000e+00
1.568000e+00 2.000000e+00
6.022000e+00 4.500000e+00
5.527000e+00 4.000000e+00
6.517500e+00 5.000000e+00
5.032500e+00 3.500000e+00
8.004000e+00 8.000000e+00
2.064000e+00 2.000000e+00
7.508750e+00 6.500000e+00
3.548750e+00 2.500000e+00
7.013500e+00 5.500000e+00
4.538500e+00 3.000000e+00
8.005000e+00 7.500000e+00
2.560000e+00 2.000000e+00
8.500000e+00 1.000000e+01
8.500000e-02 1.500000e+00
6.024000e+00 4.000000e+00
7.510000e+00 6.000000e+00
8.500750e+00 9.500000e+00
5.807500e-01 1.500000e+00
4.045000e+00 2.500000e+00
6.519250e+00 4.500000e+00
5.529250e+00 3.500000e+00
8.006000e+00 7.000000e+00
8.501500e+00 9.000000e+00
3.056000e+00 2.000000e+00
1.076500e+00 1.500000e+00
7.015000e+00 5.000000e+00
5.035000e+00 3.000000e+00
8.502250e+00 8.500000e+00
1.572250e+00 1.500000e+00
8.503000e+00 8.000000e+00
8.007000e+00 6.500000e+00
2.068000e+00 1.500000e+00
3.552000e+00 2.000000e+00
7.511250e+00 5.500000e+00
4.541250e+00 2.500000e+00
6.521000e+00 4.000000e+00
6.026000e+00 3.500000e+00
8.503750e+00 7.500000e+00
2.563750e+00 1.500000e+00
7.016500e+00 4.500000e+00
5.531500e+00 3.000000e+00
8.008000e+00 6.000000e+00
4.048000e+00 2.000000e+00
9.000000e+00 1.000000e+01
9.000000e-02 1.000000e+00
9.000500e+00 9.500000e+00
8.504500e+00 7.000000e+00
5.855000e-01 9.999998e-01
7.512500e+00 5.000000e+00
3.059500e+00 1.500000e+00
5.037500e+00 2.500000e+00
9.001000e+00 9.000000e+00
1.081000e+00 9.999998e-01
9.001500e+00 8.500000e+00
1.576500e+00 9.999998e-01
8.009000e+00 5.500000e+00
8.505250e+00 6.500000e+00
4.544000e+00 2.000000e+00
6.522750e+00 3.500000e+00
3.555250e+00 1.500000e+00
9.002000e+00 8.000000e+00
7.018000e+00 4.000000e+00
2.072000e+00 9.999998e-01
6.028000e+00 3.000000e+00
7.513750e+00 4.500000e+00
5.533750e+00 2.500000e+00
9.002500e+00 7.500000e+00
2.567500e+00 9.999998e-01
8.506000e+00 6.000000e+00
4.051000e+00 1.500000e+00
8.010000e+00 5.000000e+00
5.040000e+00 2.000000e+00
9.003000e+00 7.000000e+00
9.500000e+00 1.000000e+01
9.500000e-02 5.000000e-01
3.063000e+00 9.999998e-01
9.500250e+00 9.500000e+00
5.902500e-01 4.999999e-01
9.500500e+00 9.000000e+00
1.085500e+00 4.999999e-01
7.019500e+00 3.500000e+00
6.524500e+00 3.000000e+00
7.515000e+00 4.000000e+00
9.500750e+00 8.500000e+00
6.030000e+00 2.500000e+00
8.506750e+00 5.500000e+00
1.580750e+00 4.999999e-01
4.546750e+00 1.500000e+00
9.003500e+00 6.500000e+00
3.558500e+00 9.999998e-01
9.501000e+00 8.000000e+00
8.011000e+00 4.500000e+00
2.076000e+00 4.999999e-01
5.536000e+00 2.000000e+00
9.501250e+00 7.500000e+00
2.571250e+00 4.999999e-01
9.004000e+00 6.000000e+00
8.507500e+00 5.000000e+00
4.054000e+00 9.999999e-01
5.042500e+00 1.500000e+00
7.021000e+00 3.000000e+00
7.516250e+00 3.500000e+00
6.526250e+00 2.500000e+00
9.501500e+00 7.000000e+00
3.066500e+00 4.999999e-01
1.000000e+01 1.000000e+01
1.000000e-01 0.000000e+00
8.012000e+00 4.000000e+00
1.000000e+01 9.500000e+00
5.950000e-01 0.000000e+00
6.032000e+00 2.000000e+00
1.000000e+01 9.000000e+00
1.090000e+00 0.000000e+00
9.004500e+00 5.500000e+00
4.549500e+00 9.999999e-01
1.000000e+01 8.500000e+00
1.585000e+00 0.000000e+00
9.501750e+00 6.500000e+00
8.508250e+00 4.500000e+00
5.538250e+00 1.500000e+00
3.561750e+00 4.999999e-01
1.000000e+01 8.000000e+00
2.080000e+00 0.000000e+00
7.517500e+00 3.000000e+00
7.022500e+00 2.500000e+00
9.005000e+00 5.000000e+00
1.000000e+01 7.500000e+00
9.502000e+00 6.000000e+00
5.045000e+00 9.999999e-01
8.013000e+00 3.500000e+00
6.528000e+00 2.000000e+00
2.575000e+00 0.000000e+00
4.057000e+00 4.999999e-01
8.509000e+00 4.000000e+00
6.034000e+00 1.500000e+00
1.000000e+01 7.000000e+00
3.070000e+00 0.000000e+00
9.502250e+00 5.500000e+00
4.552250e+00 4.999999e-01
9.005500e+00 4.500000e+00
5.540500e+00 9.999999e-01
1.000000e+01 6.500000e+00
3.565000e+00 0.000000e+00
7.518750e+00 2.500000e+00
8.014000e+00 3.000000e+00
7.024000e+00 2.000000e+00
8.509750e+00 3.500000e+00
6.529750e+00 1.500000e+00
9.502500e+00 5.000000e+00
5.047500e+00 4.999999e-01
1.000000e+01 6.000000e+00
4.060000e+00 0.000000e+00
9.006000e+00 4.000000e+00
6.036000e+00 9.999999e-01
1.000000e+01 5.500000e+00
8.015000e+00 2.500000e+00
7.520000e+00 2.000000e+00
9.502750e+00 4.500000e+00
4.555000e+00 0.000000e+00
5.542750e+00 5.000000e-01
8.510500e+00 3.000000e+00
7.025500e+00 1.500000e+00
9.006500e+00 3.500000e+00
6.531500e+00 9.999999e-01
1.000000e+01 5.000000e+00
5.050000e+00 0.000000e+00
9.503000e+00 4.000000e+00
6.038000e+00 5.000000e-01
8.016000e+00 2.000000e+00
8.511250e+00 2.500000e+00
7.521250e+00 1.500000e+00
9.007000e+00 3.000000e+00
1.000000e+01 4.500000e+00
7.027000e+00 1.000000e-00
5.545000e+00 0.000000e+00
9.503250e+00 3.500000e+00
6.533250e+00 5.000000e-01
1.000000e+01 4.000000e+00
8.512000e+00 2.000000e+00
6.040000e+00 0.000000e+00
8.017000e+00 1.500000e+00
9.007500e+00 2.500000e+00
7.522500e+00 1.000000e-00
9.503500e+00 3.000000e+00
7.028500e+00 5.000000e-01
1.000000e+01 3.500000e+00
6.535000e+00 0.000000e+00
8.512750e+00 1.500000e+00
9.008000e+00 2.000000e+00
8.018000e+00 1.000000e-00
9.503750e+00 2.500000e+00
7.523750e+00 5.000000e-01
1.000000e+01 3.000000e+00
7.030000e+00 0.000000e+00
9.008500e+00 1.500000e+00
8.513500e+00 1.000000e-00
9.504000e+00 2.000000e+00
8.019000e+00 5.000000e-01
1.000000e+01 2.500000e+00
7.525000e+00 0.000000e+00
9.009000e+00 1.000000e-00
9.504250e+00 1.500000e+00
8.514250e+00 5.000000e-01
1.000000e+01 2.000000e+00
8.020000e+00 0.000000e+00
9.504500e+00 1.000000e-00
9.009500e+00 5.000000e-01
1.000000e+01 1.500000e+00
8.515000e+00 0.000000e+00
9.504750e+00 5.000000e-01
1.000000e+01 1.000000e+00
9.010000e+00 0.000000e+00
1.000000e+01 5.000000e-01
9.505000e+00 0.000000e+00
1.000000e+01 0.000000e+00

el
1  339  279  333  306  304  336 
1  279  271  333  274  301  304 
1  349  289  339  319  313  343 
1  289  279  339  281  306  313 
1  363  302  349  331  322  358 
1  302  289  349  294  319  322 
1  378  325  363  359  347  369 
1  325  302  363  316  331  347 
1  392  355  378  376  365  385 
1  355  325  378  341  359  365 
1  406  380  392  394  386  401 
1  380  355  392  367  376  386 
1  420  400  406  411  403  413 
1  400  380  406  390  394  403 
1  431  416  420  424  418  426 
1  416  400  420  409  411  418 
1  438  427  431  433  429  435 
1  427  416  431  422  424  429 
1  441  437  438  439  436  440 
1  437  427  438  432  433  436 
1  279  220  271  251  244  274 
1  220  216  271  218  240  244 
1  289  232  279  258  255  281 
1  232  220  279  226  251  255 
1  302  250  289  276  265  294 
1  250  232  289  238  258  265 
1  325  269  302  296  286  316 
1  269  250  302  259  276  286 
1  355  298  325  326  314  341 
1  298  269  325  284  296  314 
1  380  337  355  361  346  367 
1  337  298  355  320  326  346 
1  400  372  380  388  374  390 
1  372  337  380  357  361  374 
1  416  395  400  407  397  409 
1  395  372  400  383  388  397 
1  427  415  416  421  414  422 
1  415  395  416  405  407  414 
1  437  430  427  434  428  432 
1  430  415  427  423  421  428 
1  220  172  216  197  195  218 
1  172  168  216  170  191  195 
1  232  183  220  205  203  226 
1  183  172  220  178  197  203 
1  250  199  232  224  213  238 
1  199  183  232  188  205  213 
1  269  222  250  245  234  259 
1  222  199  250  210  224  234 
1  298  253  269  277  261  284 
1  253  222  269  236  245  261 
1  337  290  298  311  292  320 
1  290  253  298  267  277  292 
1  372  327  337  351  329  357 
1  327  290  337  308  311  329 
1  395  371  372  382  370  383 
1  371  327  372  350  351  370 
1  415  398  395  408  396  405 
1  398  371  395  387  382  396 
1  430  419  415  425  417  423 
1  419  398  415  410  408  417 
1  172  131  168  152  148  170 
1  131  123  168  125  144  148 
1  183  139  172  161  154  178 
1  139  131  172  135  152  154 
1  199  156  183  179  166  188 
1  156  139  183  146  161  166 
1  222  181  199  202  185  210 
1  181  156  199  164  179  185 
1  253  208  222  230  214  236 
1  208  181  222  194  202  214 
1  290  241  253  263  247  267 
1  241  208  253  228  230  247 
1  327  288  290  307  285  308 
1  288  241  290  262  263  285 
1  371  334  327  356  328  350 
1  334  288  327  309  307  328 
1  398  379  371  389  373  387 
1  379  334  371  360  356  373 
1  419  404  398  412  402  410 
1  404  379  398  393  389  402 
1  131   94  123  110  108  125 
1   94   88  123   92  106  108 
1  139  102  131  121  115  135 
1  102   94  131   98  110  115 
1  156  119  139  137  129  146 
1  119  102  139  112  121  129 
1  181  142  156  162  150  164 
1  142  119  156  133  137  150 
1  208  173  181  189  175  194 
1  173  142  181  158  162  175 
1  241  207  208  227  206  228 
1  207  173  208  187  189  206 
1  288  252  241  266  246  262 
1  252  207  241  229  227  246 
1  334  297  288  318  291  309 
1  297  252  288  275  266  291 
1  379  352  334  366  345  360 
1  352  297  334  324  318  345 
1  404  391  379  399  384  393 
1  391  352  379  375  366  384 
1   94   64   88   77   75   92 
1   64   58   88   60   73   75 
1  102   71   94   85   83   98 
1   71   64   94   67   77   83 
1  119   90  102  104   96  112 
1   90   71  102   81   85   96 
1  142  113  119  127  117  133 
1  113   90  119  100  104  117 
1  173  141  142  157  140  158 
1  141  113  142  126  127  140 
1  207  180  173  192  174  187 
1  180  141  173  160  157  174 
1  252  221  207  235  212  229 
1  221  180  207  200  192  212 
1  297  268  252  282  260  275 
1  268  221  252  242  235  260 
1  352  323  297  340  312  324 
1  323  268  297  295  282  312 
1  391  377  352  381  364  375 
1  377  323  352  354  340  364 
1   64   39   58   52   47   60 
1   39   35   58   37   45   47 
1   71   50   64   62   54   67 
1   50   39   64   43   52   54 
1   90   65   71   79   69   81 
1   65   50   71   56   62   69 
1  113   89   90   99   86  100 
1   89   65   90   78   79   86 
1  141  118  113  132  116  126 
1  118   89  113  103   99  116 
1  180  155  141  163  149  160 
1  155  118  141  136  132  149 
1  221  198  180  209  184  200 
1  198  155  180  177  163  184 
1  268  248  221  257  233  242 
1  248  198  221  223  209  233 
1  323  299  268  315  283  295 
1  299  248  268  273  257  283 
1  377  362  323  368  344  354 
1  362  299  323  330  315  344 
1   39   22   35   30   28   37 
1   22   17   35   19   24   28 
1   50   31   39   41   33   43 
1   31   22   39   26   30   33 
1   65   49   50   55   48   56 
1   49   31   50   40   41   48 
1   89   70   65   80   68   78 
1   70   49   65   61   55   68 
1  118  101   89  111   95  103 
1  101   70   89   84   80   95 
1  155  138  118  145  128  136 
1  138  101  118  120  111  128 
1  198  182  155  186  165  177 
1  182  138  155  159  145  165 
1  248  231  198  237  211  223 
1  231  182  198  204  186  211 
1  299  287  248  293  264  273 
1  287  231  248  256  237  264 
1  362  348  299  353  321  330 
1  348  287  299  317  293  321 
1   22    9   17   15   13   19 
1    9    6   17    8   11   13 
1   31   21   22   25   20   26 
1   21    9   22   14   15   20 
1   49   38   31   42   32   40 
1   38   21   31   29   25   32 
1   70   63   49   66   53   61 
1   63   38   49   51   42   53 
1  101   93   70   97   82   84 
1   93   63   70   76   66   82 
1  138  130  101  134  114  120 
1  130   93  101  109   97  114 
1  182  171  138  176  153  159 
1  171  130  138  151  134  153 
1  231  219  182  225  201  204 
1  219  171  182  196  176  201 
1  287  278  231  280  254  256 
1  278  219  231  249  225  254 
1  348  338  287  342  310  317 
1  338  278  287  305  280  310 
1    9    5    6    7    4    8 
1    5    1    6    2    3    4 
1   21   16    9   18   12   14 
1   16    5    9   10    7   12 
1   38   34   21   36   27   29 
1   34   16   21   23   18   27 
1   63   57   38   59   46   51 
1   57   34   38   44   36   46 
1   93   87   63   91   74   76 
1   87   57   63   72   59   74 
1  130  122   93  124  107  109 
1  122   87   93  105   91  107 
1  171  167  130  169  147  151 
1  167  122  130  143  124  147 
1  219  215  171  217  193  196 
1  215  167  171  190  169  193 
1  278  270  219  272  243  249 
1  270  215  219  239  217  243 
1  338  332  278  335  303  305 
1  332  270  278  300  272  303 

force

displ
1 2 1.000000e-02
2 2 1.000000e-02
5 2 1.000000e-02
10 2 1.000000e-02
16 2 1.000000e-02
23 2 1.000000e-02
34 2 1.000000e-02
44 2 1.000000e-02
57 2 1.000000e-02
72 2 1.000000e-02
87 2 1.000000e-02
105 2 1.000000e-02
122 2 1.000000e-02
143 2 1.000000e-02
167 2 1.000000e-02
190 2 1.000000e-02
215 2 1.000000e-02
239 2 1.000000e-02
270 2 1.000000e-02
300 2 1.000000e-02
332 2 1.000000e-02
333 1 0.000000e+00
333 2 0.000000e+00
336 2 0.000000e+00
339 2 0.000000e+00
343 2 0.000000e+00
349 2 0.000000e+00
358 2 0.000000e+00
363 2 0.000000e+00
369 2 0.000000e+00
378 2 0.000000e+00
385 2 0.000000e+00
392 2 0.000000e+00
401 2 0.000000e+00
406 2 0.000000e+00
413 2 0.000000e+00
420 2 0.000000e+00
426 2 0.000000e+00
431 2 0.000000e+00
435 2 0.000000e+00
438 2 0.000000e+00
440 2 0.000000e+00
441 2 0.000000e+00

mat1
6
3
111
7
2.1e05
0.3
460
900

