feap  *** "3eck_6" ***
,,1,2,2,6
 
# ,,mat,ndm,ndf,nen, ...
 
#nopr
titl,off
 
coor
1  0  10.000 .00000E+00
2  0  4.0000 .00000E+00
3  0  9.2674 .00000E+00
4  0  8.5347 .00000E+00
5  0  7.9526 .00000E+00
6  0  7.3704 .00000E+00
7  0  6.9078 .00000E+00
8  0  6.4453 .00000E+00
9  0  6.0777 .00000E+00
10  0  5.7101 .00000E+00
11  0  5.4181 .00000E+00
12  0  5.1260 .00000E+00
13  0  4.8939 .00000E+00
14  0  4.6619 .00000E+00
15  0  4.4775 .00000E+00
16  0  4.2931 .00000E+00
17  0  4.1465 .00000E+00
18  0  10.000 10.000
19  0  10.000 .85509
20  0  10.000 1.7102
21  0  10.000 2.7875
22  0  10.000 3.8649
23  0  10.000 5.2223
24  0  10.000 6.5796
25  0  10.000 8.2898
26  0  .00000E+00 10.000
27  0  7.5000 10.000
28  0  5.0000 10.000
29  0  2.5000 10.000
30  0  .00000E+00 4.0000
31  0  .00000E+00 8.5000
32  0  .00000E+00 7.0000
33  0  .00000E+00 5.5000
34  0  3.9981 .12373
35  0  3.9923 .24733
36  0  3.9754 .44271
37  0  3.9490 .63702
38  0  3.8876 .94165
39  0  3.8027 1.2406
40  0  3.6215 1.6984
41  0  3.3855 2.1304
42  0  2.9080 2.7466
43  0  2.3200 3.2585
44  0  1.2178 3.8101
45  0  9.2368 .44673
46  0  4.2327 .26942
47  0  4.0308 7.2287
48  0  2.4915 6.6230
49  0  1.2889 7.4074
50  0  3.7889 8.9074
51  0  1.2889 8.9074
52  0  5.2419 8.3213
53  0  1.2026 6.2156
54  0  3.9445 6.0369
55  0  9.1354 6.0884
56  0  1.2026 4.7156
57  0  7.7419 8.3213
58  0  9.1354 7.7986
59  0  6.8773 6.1199
60  0  9.1354 4.7310
61  0  7.2059 4.7038
62  0  8.1354 4.1412
63  0  9.0000 3.2751
64  0  2.3626 4.3448
65  0  3.2344 4.6524
66  0  4.7737 5.2581
67  0  5.8124 5.2265
68  0  5.1023 3.8420
69  0  7.0705 3.2479
70  0  5.4702 2.9224
71  0  6.2235 2.9344
72  0  9.0000 2.1977
73  0  5.5526 2.0464
74  0  7.1530 2.3718
75  0  5.9854 1.4195
76  0  6.6579 1.5475
77  0  3.1918 3.5660
78  0  9.2368 1.3018
79  0  6.3374 .90865
80  0  7.5049 1.8610
81  0  8.2368 1.7894
82  0  7.7417 .96506
83  0  7.9220 .44673
84  0  8.5042 .44673
85  0  3.7245 3.0020
86  0  4.4315 2.9540
87  0  4.6324 1.2866
88  0  5.2321 1.4075
89  0  4.0924 2.0824
90  0  4.3010 1.6375
91  0  6.7276 .51833
92  0  7.1901 .51833
93  0  5.0651 .65974
94  0  6.0551 .39032
95  0  5.3954 .39032
96  0  5.6875 .39032
97  0  4.1341 .88973
98  0  4.7957 .26942
99  0  4.2072 .58793
100  0  4.2289 .39309
101  0  4.3792 .26942
102  0  4.5636 .26942
103  0  4.4654 .53885
104  0  5.6649 .78063
105  0  7.0099 1.0367
106  0  4.7993 2.0344
107  0  4.0636 3.8735
108  0  8.4736 .89346
109  0  8.0000 2.6853
110  0  6.3059 2.0584
111  0  6.1410 3.8104
112  0  5.4838 6.6426
113  0  2.4053 5.4312
114  0  8.2708 5.5971
115  0  2.5778 7.8148
 
 
elem,old
1 1 16 14 103 15 102 101
2 1 37 35 103 36 100 99
3 1 14 12 103 13 98 102
4 1 37 103 39 99 97 38
5 1 12 10 104 11 96 95
6 1 10 8 104 9 94 96
7 1 103 12 104 98 95 93
8 1 8 6 105 7 92 91
9 1 41 39 106 40 90 89
10 1 103 104 106 93 88 87
11 1 39 103 106 97 87 90
12 1 41 106 107 89 86 85
13 1 6 4 108 5 84 83
14 1 105 6 108 92 83 82
15 1 105 108 109 82 81 80
16 1 8 105 104 91 79 94
17 1 43 41 107 42 85 77
18 1 104 105 110 79 76 75
19 1 110 105 109 76 80 74
20 1 104 110 106 75 73 88
21 1 109 108 20 81 78 72
22 1 106 110 111 73 71 70
23 1 111 110 109 71 74 69
24 1 106 111 107 70 68 86
25 1 107 111 112 68 67 66
26 1 43 107 113 77 65 64
27 1 20 22 109 21 63 72
28 1 111 109 114 69 62 61
29 1 114 109 22 62 63 60
30 1 111 114 112 61 59 67
31 1 112 114 18 59 58 57
32 1 30 43 113 44 64 56
33 1 22 24 114 23 55 60
34 1 107 112 113 66 54 65
35 1 32 30 113 33 56 53
36 1 114 24 18 55 25 58
37 1 28 112 18 52 57 27
38 1 28 26 115 29 51 50
39 1 115 26 32 51 31 49
40 1 113 115 32 48 49 53
41 1 115 113 112 48 54 47
42 1 115 112 28 47 52 50
43 1 103 35 2 100 34 46
44 1 103 2 16 46 17 101
45 1 108 4 1 84 3 45
46 1 108 1 20 45 19 78
 

ebou
1,0.00,1
2,0.00, ,1
2,10.00, ,1
 
edis
2,10.0,,0.01
 
mate,1
user,87
3
84
7
2.1e5,0.3,460,7,8

#mate,1
#user,6
#3
#96
#7
#2.1e5,0.3,150,10,3,400,0.1

#E,nu,sig0,N,D,sig1,f0


